20
483
0.9732857636239493 0.009425092746387628 0.8008119438695871
0.9876649050824913 0.009896234724430037 1.2990573632989668
-3.842773023633801 0.1471535017687451 2.332130225270527
-0.3712458465647739 0.0005942183443725757 2.896316901279319
-1.9454375940549447 0.03869112236970049 2.9854518980682583
1.73536420853649 0.031105255987879346 3.264362738329866
-2.0708933536233602 0.04392572808332153 3.3037836816009962
-1.9493822494319057 0.039197785221474137 3.5400923918847504
-1.9540503536744378 0.03944198473235784 3.6284968206833423
-1.922691267827482 0.038438665743389167 3.9164589837275656
-1.926183940898915 0.03860194899335358 3.9538548017274806
0.9067579261415656 0.006717583576536013 3.987876403719663
0.1162755105072728 0.0019911491933779736 4.409235700101135
1.7659835975779334 0.029218242383283032 4.554706472940476
-1.7958390094053545 0.035224268034407376 5.535380548012884
-0.5949938416245615 -6.795823762885248e-06 6.0496965751659895
-1.8608041169238665 0.03915441735730622 6.810803331081764
-2.4272873010130156 0.05406143969957508 7.044081823053656
-1.0510014191184658 0.016338517437799932 7.364431640495567
1.2135467121778731 0.02200251799254584 8.641825828540876
0.802165683391962 0.014137790473551314 8.884748061043167
0.24952896744794148 0.009895780602620193 9.73220636875875
-1.4135194799943107 0.029911308786637 10.05127276644436
